80 80 16
04 09 09 08 08 04 16 09 05 02 12 01 16 16 05 10 02 08 10 13 07 03 09 16 07 13 01 01 12 10 12 15 02 05 06 09 08 05 01 12 07 13 13 06 12 01 15 13 08 08 09 14 10 02 13 16 14 13 16 09 06 12 07 07 16 12 15 07 01 16 03 07 12 15 12 07 15 10 04 06 
01 12 04 11 13 16 10 11 13 10 03 02 05 10 09 04 05 07 10 05 06 12 11 01 10 06 08 08 15 11 14 16 06 01 10 03 16 03 13 12 12 15 14 16 08 06 03 13 12 13 01 02 08 12 02 02 01 09 09 16 03 06 15 09 06 08 11 06 10 07 01 06 05 14 05 13 03 08 09 15 
04 09 16 11 04 01 12 05 10 05 04 12 10 02 04 16 09 14 05 02 04 05 07 09 03 12 05 05 03 13 03 06 05 02 16 09 03 12 13 12 16 16 07 09 01 11 08 09 08 12 10 12 01 01 04 03 12 08 07 14 04 10 03 08 11 02 16 13 13 12 08 12 11 15 05 11 09 12 03 16 
08 13 11 08 13 14 10 08 05 16 05 08 09 07 16 04 08 15 16 05 11 08 16 05 06 04 16 14 16 02 13 07 14 08 14 10 05 07 01 10 06 05 01 15 11 16 02 03 15 01 07 09 08 06 13 13 10 12 10 09 14 07 15 11 14 12 05 02 02 05 11 07 10 12 05 04 11 06 06 09 
07 12 01 14 02 14 11 11 09 04 03 06 10 01 01 07 12 05 09 13 09 03 03 02 14 08 06 09 13 11 01 03 07 02 01 08 15 11 02 07 14 04 13 08 04 13 14 15 01 06 11 09 09 13 11 06 04 16 14 01 10 15 03 16 16 03 07 14 13 08 04 11 11 16 02 14 12 15 12 12 
05 06 05 13 03 15 02 06 14 16 06 07 14 09 07 13 11 13 10 08 05 13 02 15 13 03 13 08 01 08 04 05 14 08 01 16 06 03 05 03 02 11 09 15 03 15 11 13 12 04 04 16 16 05 14 12 07 10 04 08 02 07 12 15 14 13 14 03 15 02 05 16 12 13 14 14 12 08 11 07 
11 14 06 10 03 03 06 09 13 09 16 14 15 12 12 12 08 09 14 06 10 02 05 06 14 02 03 09 09 13 15 03 11 04 12 13 07 01 05 03 09 05 16 07 16 11 02 07 03 15 12 12 16 16 01 14 01 04 06 09 16 05 11 10 08 06 06 14 07 11 16 15 15 15 06 14 09 07 04 11 
06 15 07 05 14 07 02 14 10 08 06 10 12 16 03 03 05 09 01 11 03 16 10 01 15 15 14 07 05 01 02 10 15 08 15 12 14 16 09 08 07 14 01 02 13 03 05 01 11 05 12 13 04 05 13 02 03 10 09 07 10 10 01 08 01 15 03 14 14 11 05 05 08 05 06 04 08 10 05 02 
14 16 15 02 04 11 03 06 05 11 12 14 04 12 06 04 10 08 02 08 03 06 12 10 11 01 14 02 11 02 03 08 01 01 09 04 12 12 09 16 06 04 13 10 16 02 13 09 10 14 16 12 04 11 05 14 12 02 15 06 03 01 13 03 02 06 06 13 01 14 12 06 02 08 15 01 10 12 09 03 
09 09 14 12 03 02 09 14 04 07 03 06 08 16 09 09 05 14 05 05 12 16 10 13 07 09 13 16 04 05 02 12 13 15 08 16 01 16 13 04 07 16 09 14 15 01 06 03 15 10 07 10 09 16 06 15 08 02 15 11 06 16 07 03 15 14 02 15 13 14 02 03 13 10 16 11 11 05 13 09 
14 03 02 06 03 07 05 10 08 03 05 13 02 11 15 16 08 16 14 04 14 15 07 10 09 06 05 03 11 01 11 08 04 12 14 06 02 02 15 09 04 03 05 05 13 04 05 04 03 02 08 16 01 14 10 09 03 14 11 13 14 05 05 01 16 02 06 01 03 05 09 06 07 13 10 04 16 14 07 03 
16 14 02 16 11 11 08 14 08 02 10 06 06 14 06 05 15 12 05 01 16 13 06 06 09 16 09 09 13 16 11 12 13 12 11 08 07 02 05 14 03 14 03 08 12 09 12 10 04 16 11 03 12 16 08 05 15 01 13 12 16 07 07 12 02 02 03 08 03 07 06 06 05 08 13 16 16 09 09 03 
08 03 05 04 03 13 08 01 13 04 12 12 10 03 07 11 04 10 03 06 16 08 11 04 15 08 03 15 16 12 01 07 14 06 10 16 02 01 01 14 04 12 09 13 14 15 08 01 08 10 07 08 01 01 11 15 08 14 13 07 09 14 14 06 03 07 06 04 08 06 01 11 01 09 08 15 07 15 15 15 
08 05 06 08 06 16 06 13 13 03 04 05 16 01 11 02 07 16 05 14 05 05 09 05 13 16 03 03 14 02 01 05 06 06 12 11 06 01 08 02 03 11 07 02 11 01 03 01 16 07 15 04 11 07 08 07 06 11 10 03 12 10 07 01 16 02 12 05 02 03 06 05 13 12 06 07 12 09 07 11 
15 05 14 10 11 06 16 16 16 09 02 11 03 08 11 02 09 06 06 11 08 11 15 04 07 04 10 02 12 01 13 11 05 10 04 16 15 03 15 14 12 01 08 14 08 03 15 01 08 04 11 16 14 09 03 04 12 13 06 08 13 02 02 01 11 05 16 10 07 15 07 02 15 15 15 06 01 13 06 08 
16 16 07 14 08 10 01 04 06 06 11 02 07 12 02 02 16 02 11 06 16 01 08 14 15 06 03 15 03 09 07 02 08 13 15 16 06 16 03 11 05 13 12 12 08 14 13 07 15 07 12 14 07 03 11 06 09 13 04 11 05 10 12 13 07 11 12 12 10 14 07 14 10 02 09 01 15 05 07 13 
11 02 10 02 05 04 07 13 01 10 07 05 04 02 01 10 12 12 05 05 09 11 03 02 13 11 02 11 16 08 08 10 10 01 11 14 05 01 10 05 11 16 09 14 01 10 07 13 05 11 01 14 06 03 15 02 14 01 12 13 08 03 06 01 04 01 14 08 01 07 12 11 06 04 08 07 13 14 03 02 
09 03 15 14 06 13 15 03 13 10 15 05 13 04 05 16 04 03 07 05 09 02 15 15 05 07 05 02 04 07 03 12 09 01 09 14 13 07 16 10 01 14 14 13 02 02 12 05 04 02 09 13 03 08 11 07 14 15 08 01 05 10 13 13 10 05 11 07 12 10 16 12 08 13 08 09 14 03 13 02 
04 06 14 06 13 08 12 10 06 04 10 10 13 06 06 07 11 16 13 06 10 12 01 01 08 08 09 05 10 05 06 13 10 03 02 06 10 13 15 15 16 09 08 13 14 14 03 08 13 15 13 06 10 13 06 01 04 14 05 13 03 11 09 12 13 10 02 07 07 16 05 06 08 13 02 06 10 04 13 06 
02 10 12 11 06 01 11 10 15 16 06 01 10 15 12 06 08 13 12 14 13 01 04 04 13 05 09 06 09 06 11 10 15 06 05 04 07 15 13 05 14 03 05 07 01 16 13 08 13 08 06 09 08 09 12 04 13 05 09 05 10 04 15 08 09 03 11 15 01 08 03 15 10 07 05 10 07 01 01 03 
09 06 11 16 14 06 04 11 10 12 15 03 15 13 10 08 15 05 06 16 12 09 14 05 15 02 14 05 03 14 07 11 04 01 10 01 07 13 11 16 09 10 03 07 06 12 14 05 16 04 04 11 12 01 15 10 02 12 15 04 10 05 14 13 06 08 13 12 04 08 11 12 01 13 03 06 09 16 10 08 
03 13 03 14 13 01 08 15 13 06 02 06 10 16 02 15 07 14 10 10 05 05 06 05 01 08 11 09 07 04 01 10 01 03 07 13 03 14 11 15 03 13 04 13 12 05 11 02 03 05 11 07 09 16 12 09 07 06 02 14 09 02 07 09 04 13 06 06 11 16 05 13 12 08 09 07 13 04 08 15 
08 03 05 16 02 16 08 09 05 09 06 14 10 12 06 13 08 11 03 02 11 07 15 06 14 07 13 10 10 04 08 01 06 13 16 08 12 08 16 01 16 05 14 10 16 03 06 07 14 08 09 08 14 07 13 12 13 09 05 07 13 13 07 02 09 07 09 04 14 08 04 13 12 01 06 11 04 12 02 01 
03 10 08 01 16 04 12 12 13 16 02 09 12 09 10 04 15 03 08 12 10 11 08 06 12 14 16 15 09 01 15 11 10 06 11 09 09 06 05 05 06 06 13 01 14 07 05 12 09 12 07 02 06 15 07 01 12 07 15 04 07 13 14 01 02 09 09 11 14 13 15 03 03 12 04 16 02 08 12 10 
03 02 11 08 16 02 09 11 08 07 14 14 04 12 14 05 04 07 15 01 03 14 04 05 09 07 05 10 14 16 03 16 01 13 07 01 14 15 11 05 06 09 03 09 04 16 13 07 06 12 07 09 09 10 13 01 16 01 10 13 16 12 12 01 08 03 01 06 01 11 10 06 03 12 14 06 12 11 12 01 
06 03 09 14 12 06 14 12 06 07 08 06 02 04 06 09 06 06 14 06 16 08 12 03 03 09 08 14 03 04 15 08 06 07 05 01 12 02 12 02 08 04 07 09 07 12 02 12 01 15 01 16 06 12 02 09 05 10 06 07 13 04 15 02 11 03 02 06 05 14 07 12 01 13 05 07 08 06 02 08 
04 02 08 10 14 09 02 02 02 07 08 14 11 06 15 05 09 01 10 13 14 01 08 14 13 12 04 05 01 05 12 05 06 03 14 03 12 15 04 13 05 12 11 15 01 09 03 09 09 13 05 06 13 13 03 09 08 06 13 09 10 09 13 16 11 10 02 06 08 06 03 12 01 13 11 01 05 13 10 14 
09 14 03 05 10 06 14 02 11 10 10 05 02 06 04 13 15 05 02 06 10 04 01 10 16 11 11 05 08 04 02 16 01 04 05 11 09 02 12 04 11 05 08 13 10 11 09 08 15 10 13 09 14 13 02 13 08 12 01 15 15 02 14 16 06 02 10 14 03 05 01 14 09 08 10 02 02 02 09 01 
11 05 09 08 01 10 05 08 06 05 06 04 07 04 03 12 05 12 09 08 16 10 05 08 01 14 09 03 15 01 03 09 05 11 01 06 04 05 13 09 09 03 13 15 06 15 10 10 11 03 01 10 12 05 02 12 02 10 14 16 11 16 09 15 10 09 04 14 13 01 06 05 03 02 04 08 01 13 01 11 
15 02 04 10 06 05 06 08 15 03 07 09 03 15 07 12 07 11 09 03 11 15 08 13 16 11 04 16 07 04 10 06 05 14 15 11 02 04 02 16 07 08 08 09 07 15 04 13 09 13 16 03 11 07 15 10 01 02 10 07 05 03 12 10 16 11 04 02 14 05 01 04 12 09 12 02 07 16 15 15 
12 14 01 06 04 15 15 04 16 08 10 04 11 06 13 10 16 16 11 13 04 12 01 16 04 12 01 10 11 15 08 06 12 08 11 15 06 10 02 05 01 12 08 11 01 05 05 16 04 15 12 08 10 12 07 13 08 07 06 02 06 13 08 01 04 02 16 09 11 01 13 12 12 05 06 12 09 10 11 12 
09 07 03 02 02 09 15 09 16 04 11 05 01 02 05 04 03 04 13 14 05 09 09 16 13 14 12 05 08 06 01 16 12 03 01 14 12 15 06 11 03 16 15 03 01 03 06 04 07 02 01 11 11 09 10 07 06 05 12 13 11 12 12 06 14 13 03 09 11 09 03 13 08 01 15 09 04 05 12 10 
06 12 04 16 04 13 07 09 02 02 06 12 13 01 01 10 13 04 03 08 12 05 04 03 06 03 11 09 07 06 02 12 01 05 12 04 01 02 13 02 03 02 13 15 02 14 08 15 01 10 06 12 15 09 14 04 11 09 12 01 14 13 13 15 01 08 02 01 09 14 03 11 15 15 09 01 12 16 15 12 
10 04 07 08 12 05 11 07 13 06 07 10 02 03 08 02 10 10 02 02 07 04 12 06 03 04 06 14 04 04 10 13 07 16 04 02 04 14 08 16 03 15 10 04 01 01 05 11 10 06 12 01 10 08 06 12 11 11 09 14 14 02 10 04 02 13 05 05 10 13 05 12 11 14 15 11 14 03 05 08 
09 01 08 02 08 13 13 02 07 05 16 04 07 09 07 08 06 11 12 15 07 16 11 01 13 09 12 11 12 16 02 04 16 09 05 07 05 01 09 11 05 08 14 11 16 04 02 05 14 14 04 05 13 14 05 10 06 16 04 01 16 05 04 15 13 08 06 01 08 14 11 13 05 08 07 04 11 09 09 08 
06 12 12 02 09 01 11 14 16 14 15 15 02 02 14 14 10 03 14 01 16 08 13 04 15 04 07 09 12 15 01 01 10 12 02 02 12 13 16 12 10 14 10 12 15 07 09 08 09 07 09 08 14 05 11 13 08 02 05 03 16 05 03 10 01 05 11 12 01 10 07 10 07 01 05 06 07 14 13 16 
04 05 07 01 10 02 13 01 03 02 04 02 06 06 11 06 10 06 02 10 15 08 04 06 08 08 11 15 05 07 14 08 12 04 09 05 05 05 05 07 06 08 09 12 14 03 01 07 08 02 01 07 10 04 12 01 11 06 15 16 12 12 07 07 16 15 11 04 04 16 11 09 07 03 04 04 05 05 11 13 
06 11 03 15 14 14 16 08 03 14 07 14 10 14 05 09 12 15 12 15 14 06 08 05 08 11 08 13 15 02 09 05 12 11 03 09 08 02 01 10 16 07 07 09 04 11 01 16 10 12 14 07 02 05 11 09 16 03 05 14 04 13 02 16 07 05 08 14 06 08 07 05 15 14 13 02 08 13 01 01 
09 15 08 10 03 02 02 02 04 07 16 08 03 01 07 10 05 14 07 11 06 14 15 04 11 12 05 02 08 06 03 16 04 10 09 06 11 11 08 15 01 07 06 03 07 12 12 12 09 03 06 14 16 04 01 10 15 06 11 07 11 13 06 14 06 15 03 01 09 10 15 09 16 04 11 07 15 07 02 07 
09 07 05 08 10 05 01 09 10 11 15 04 08 04 01 13 02 04 13 10 13 11 02 13 14 13 03 12 03 04 03 11 10 07 02 03 11 02 11 05 12 09 08 03 13 09 16 14 12 12 08 08 07 09 04 04 05 06 16 07 09 02 01 02 08 02 05 02 03 15 06 15 08 14 01 04 06 16 01 01 
12 08 08 02 01 12 05 05 01 04 12 10 05 12 11 12 14 15 14 16 14 03 14 05 16 15 08 05 14 08 05 09 16 13 10 16 08 15 04 08 02 15 01 07 11 12 02 08 10 15 07 07 02 05 11 01 03 02 06 16 10 10 09 09 06 02 08 13 16 11 05 02 10 05 08 04 16 09 11 10 
08 01 16 09 05 11 09 07 12 14 07 05 08 15 13 13 16 04 10 16 15 14 01 08 02 08 11 02 16 05 11 07 05 10 15 10 04 08 16 16 05 06 04 12 04 01 09 04 04 02 03 02 15 03 09 16 10 03 01 09 07 11 16 12 05 14 05 08 05 04 07 10 10 11 05 13 11 13 16 14 
14 02 16 12 04 08 12 13 11 12 06 01 07 05 12 11 02 16 02 07 04 09 16 13 03 04 09 13 01 09 10 14 10 09 10 14 01 05 10 11 16 15 11 06 03 07 16 05 06 02 11 09 10 10 05 12 13 14 08 13 06 01 11 15 10 04 12 10 08 06 04 07 04 14 13 07 04 12 11 10 
13 05 02 06 14 07 01 10 04 08 07 09 09 01 07 02 04 03 11 11 08 14 01 11 11 13 01 15 09 11 08 05 15 09 11 12 15 11 06 02 03 12 10 11 12 01 12 15 03 06 09 10 03 09 04 13 06 05 11 14 15 02 02 14 11 12 09 09 07 14 11 09 09 04 03 04 04 14 02 06 
03 10 15 05 03 03 01 08 07 12 05 05 13 06 02 07 02 11 16 08 08 10 16 01 13 02 04 01 15 06 06 01 15 05 05 01 07 05 08 13 16 12 01 13 02 03 03 03 13 02 10 04 11 09 04 08 10 08 08 08 13 13 08 11 01 12 12 07 16 03 03 16 15 04 12 16 06 14 02 02 
16 11 05 10 03 09 01 12 16 08 03 12 05 10 06 05 05 01 12 04 04 14 03 02 01 14 01 06 12 02 07 11 12 12 04 14 04 05 09 03 12 11 14 16 04 03 05 08 04 16 11 07 13 14 08 14 11 08 03 06 09 10 16 04 05 04 01 08 08 09 10 03 03 07 03 06 09 07 13 12 
06 07 02 02 04 09 15 15 16 02 04 08 11 04 11 15 07 11 06 14 03 15 16 05 05 02 10 13 08 06 09 13 13 10 15 16 03 13 14 02 14 02 10 08 05 04 06 11 15 11 08 01 09 07 06 13 09 15 10 16 05 02 13 01 11 11 16 13 07 14 15 05 15 08 12 03 11 02 13 09 
12 04 10 05 10 15 01 02 13 10 02 01 11 14 01 06 08 01 02 14 14 16 02 12 07 14 14 02 15 10 10 10 13 03 14 06 01 15 08 14 08 09 14 03 06 15 08 13 15 09 10 12 09 12 07 15 09 04 16 07 13 10 16 09 12 14 14 13 12 05 10 03 13 07 05 02 05 12 14 03 
05 08 14 13 03 04 11 11 07 11 01 03 04 16 11 15 13 09 11 08 13 04 11 10 11 15 11 15 11 09 02 15 16 15 11 02 03 05 12 09 15 12 12 02 11 06 01 08 14 11 15 11 15 09 04 09 08 14 07 02 06 08 16 05 07 10 06 09 14 01 01 13 12 12 14 07 02 14 14 15 
09 12 09 07 05 12 15 12 10 05 13 15 13 12 04 03 05 09 11 02 10 11 14 05 07 12 11 08 09 08 06 01 04 15 07 08 10 05 03 03 10 15 02 06 10 05 08 14 13 02 15 06 12 13 11 02 08 05 09 16 13 15 01 16 13 07 07 06 12 09 09 05 07 10 10 16 14 01 13 10 
02 11 16 13 07 10 15 14 14 07 14 10 05 14 09 01 04 15 07 15 07 15 03 13 08 12 12 05 12 08 14 13 03 13 10 09 06 08 07 04 14 04 13 03 01 06 03 04 04 09 03 11 07 05 07 14 01 03 02 12 10 16 09 12 12 02 05 02 09 11 05 06 14 01 08 14 06 11 01 10 
03 03 04 10 08 10 07 08 12 09 03 06 08 11 01 03 12 05 04 04 15 08 10 12 09 01 09 14 11 10 07 14 12 10 07 03 04 13 10 15 05 13 04 12 07 05 15 03 09 02 06 08 10 15 03 02 16 12 15 10 05 06 07 16 15 13 03 02 10 12 01 14 08 04 10 15 08 08 01 01 
09 06 08 02 05 10 03 04 05 02 13 09 07 04 09 05 16 11 07 09 06 07 07 14 10 16 12 02 07 12 02 15 01 09 01 05 02 03 08 07 04 05 15 10 08 07 15 07 01 05 16 07 11 06 04 04 05 15 05 11 10 06 09 10 14 09 15 16 12 06 06 15 10 04 09 01 11 07 08 11 
11 07 01 05 12 04 08 16 02 13 10 11 02 02 05 16 11 03 15 06 08 04 04 02 07 12 02 01 02 09 12 12 15 12 16 10 16 08 09 01 04 02 12 05 04 16 04 14 02 02 03 09 05 06 10 12 02 12 12 03 04 07 15 03 03 14 12 02 05 05 02 08 06 13 13 09 12 16 06 13 
02 08 06 06 14 15 01 15 10 13 01 14 03 15 16 05 13 11 06 01 15 08 09 05 04 05 13 16 04 03 12 05 10 01 11 07 16 11 05 09 07 06 06 10 04 05 14 16 16 04 01 14 11 09 02 14 13 15 13 16 01 09 05 10 09 15 01 08 09 05 01 16 10 06 09 14 11 06 13 10 
09 13 07 03 05 09 01 01 07 13 01 07 05 05 16 14 03 16 05 11 05 05 10 14 11 02 11 05 08 08 14 16 04 04 03 09 12 03 09 02 15 09 08 04 13 08 01 15 07 05 10 11 10 03 09 04 05 03 08 12 10 05 11 14 08 13 06 04 15 14 05 14 07 13 01 03 04 01 02 10 
05 11 05 14 13 13 01 01 15 08 12 09 12 07 06 04 03 11 07 02 08 11 15 14 07 15 01 10 15 02 04 03 12 08 01 08 04 01 09 02 09 04 10 04 10 15 07 13 09 13 14 01 08 12 14 14 10 14 08 08 15 11 10 10 02 10 02 05 11 10 06 03 13 16 06 07 14 13 03 07 
09 16 07 16 11 04 14 04 02 05 11 16 15 04 10 16 14 11 04 08 04 09 10 16 08 15 06 06 11 08 12 04 07 02 03 01 05 16 04 06 04 14 06 02 02 15 01 15 09 04 06 12 13 15 11 04 13 01 09 08 08 04 11 15 05 13 15 10 13 03 15 16 16 04 02 01 02 02 15 10 
06 04 05 02 02 16 05 15 16 14 06 07 01 16 05 06 12 04 15 08 06 13 08 05 01 09 06 02 10 04 12 15 08 16 16 09 15 05 07 14 02 12 05 02 11 09 07 07 12 05 14 01 02 05 06 02 13 11 03 07 14 14 05 05 14 05 14 12 09 04 10 10 16 14 11 10 06 02 16 02 
06 14 02 07 02 07 08 15 01 11 05 15 08 09 03 05 13 16 01 05 04 10 14 03 07 09 12 12 10 12 13 15 09 15 06 10 05 13 08 06 07 12 04 15 05 06 03 01 06 03 06 09 12 03 11 02 11 06 14 04 01 10 03 09 08 08 03 13 04 10 02 11 06 05 09 10 10 11 10 15 
14 15 07 09 02 01 11 12 07 08 16 07 01 02 16 09 09 02 05 12 11 06 06 16 10 14 09 03 09 03 02 06 01 08 14 02 09 08 14 15 15 13 05 16 14 04 08 06 05 12 01 16 01 07 15 10 04 08 12 12 10 13 01 10 05 15 12 13 06 09 11 05 05 15 04 02 03 11 07 07 
06 07 06 06 13 05 15 01 12 10 12 05 07 13 14 11 11 09 07 16 01 01 04 05 15 07 06 01 01 12 08 06 03 13 11 15 01 09 15 12 03 11 16 09 07 14 03 01 06 09 16 07 09 04 11 07 10 01 08 11 12 15 16 14 11 11 13 12 03 11 07 05 05 07 13 11 04 15 11 09 
07 11 15 15 14 10 06 07 10 13 01 05 11 01 03 05 11 15 16 13 09 07 02 14 13 14 08 16 13 03 08 03 13 07 02 10 16 07 16 09 03 01 13 13 01 15 01 11 13 01 07 06 07 08 03 03 06 10 02 02 12 09 04 08 15 05 01 14 11 01 06 13 01 03 09 01 01 10 11 14 
10 01 03 16 09 05 02 14 14 03 15 10 11 02 01 10 07 02 07 01 02 13 14 02 15 06 02 15 15 12 12 08 12 14 07 04 02 08 01 16 10 15 09 05 01 09 14 07 10 04 07 11 16 04 12 14 10 13 13 08 08 08 16 04 06 06 07 07 14 08 06 07 06 14 11 06 07 08 12 16 
12 03 11 11 06 06 09 15 03 05 07 10 12 06 13 01 11 04 08 08 11 13 15 16 11 09 06 01 01 01 16 12 03 10 06 09 16 14 07 02 02 13 11 14 02 08 14 13 11 05 04 05 02 02 04 12 11 09 12 11 10 11 06 12 05 11 04 04 09 11 05 10 07 15 07 09 06 05 05 16 
09 08 04 10 10 08 05 04 16 16 14 09 11 03 05 15 13 08 02 05 02 06 15 09 04 05 01 10 09 05 09 02 12 13 11 05 04 16 08 03 15 05 12 09 07 16 07 04 07 08 08 09 13 06 01 01 11 01 10 03 05 02 04 16 14 15 05 01 14 12 04 12 01 15 05 07 14 11 10 04 
03 02 12 15 07 12 15 01 12 08 04 16 10 07 16 07 05 04 08 02 15 11 14 15 09 02 06 06 12 15 09 14 16 05 13 07 16 11 07 12 03 10 11 12 01 10 02 05 13 09 07 12 03 04 10 11 05 15 16 16 14 09 14 13 13 10 03 12 04 10 07 06 03 02 01 03 11 03 08 08 
11 14 03 14 01 12 08 05 11 08 04 08 16 01 04 12 10 07 07 14 16 14 03 02 15 04 05 09 06 12 16 16 09 02 13 09 14 05 13 08 12 16 15 11 01 02 06 10 08 12 07 07 09 10 09 07 13 13 16 02 08 15 01 16 01 14 08 14 02 04 05 13 03 03 07 03 04 12 13 12 
07 03 02 16 12 10 06 08 06 05 09 13 04 10 12 04 07 03 01 08 06 05 04 09 07 10 11 10 05 07 05 11 10 07 10 05 16 16 13 06 04 05 02 07 14 14 10 04 16 10 11 06 14 14 14 04 07 08 14 11 15 02 06 08 08 15 12 08 14 08 13 02 13 14 08 10 11 02 14 11 
11 08 16 09 06 13 12 12 04 09 07 02 11 12 09 02 10 05 09 08 12 05 09 08 03 16 02 13 01 15 07 12 06 06 04 11 02 15 07 06 08 13 07 02 08 16 03 01 04 12 08 15 16 16 07 02 16 08 15 16 06 05 11 11 11 14 06 12 13 12 01 04 08 08 05 15 07 07 15 10 
02 07 08 02 06 14 03 05 05 01 05 10 06 15 05 16 13 10 11 09 05 12 12 12 03 16 10 09 06 08 02 08 14 09 09 04 07 11 08 11 12 12 05 01 11 09 16 07 02 10 15 06 05 10 01 07 09 10 15 14 01 16 05 15 09 13 02 15 08 09 09 03 05 13 03 15 05 02 05 06 
11 03 11 16 12 11 06 04 04 05 01 05 04 06 03 12 02 04 10 09 12 03 11 16 15 13 14 04 14 02 09 09 04 04 08 15 14 13 02 02 01 03 06 05 08 08 16 09 11 10 02 06 12 12 06 10 09 03 13 06 05 06 14 08 09 05 07 06 02 08 07 02 10 12 06 01 03 06 10 13 
15 11 03 10 06 08 03 14 10 16 04 14 05 01 06 13 06 12 02 07 03 09 08 13 04 14 13 07 03 06 03 01 16 05 10 06 12 12 03 06 11 06 03 15 07 08 11 12 03 13 02 06 05 09 02 08 06 14 14 08 04 01 08 03 05 01 08 01 13 11 06 07 16 08 06 06 16 16 01 02 
12 02 07 16 11 08 08 16 06 05 08 09 05 15 11 10 16 03 10 12 13 15 02 12 06 07 02 05 07 02 07 02 04 13 02 14 05 09 13 10 13 04 02 02 03 12 11 02 14 04 13 10 02 14 06 07 05 07 12 11 08 02 12 11 14 13 08 02 05 05 11 02 08 12 03 10 08 13 11 05 
16 07 15 01 05 04 07 09 10 02 03 01 03 14 12 01 11 03 02 15 07 13 16 15 08 02 08 15 14 03 04 13 09 02 13 13 05 04 05 14 05 07 14 08 05 09 08 15 12 09 13 02 05 13 16 13 14 08 11 12 10 14 08 02 15 05 15 03 08 03 16 12 10 14 03 14 06 10 12 01 
03 08 03 07 04 02 03 02 09 14 13 02 11 04 04 10 08 02 12 15 04 12 11 13 09 13 10 14 07 05 15 09 13 01 15 16 02 02 01 11 15 13 12 09 01 15 02 08 16 14 07 04 09 01 16 01 13 10 14 03 14 12 11 10 12 10 10 14 11 10 08 09 07 03 01 07 02 03 14 01 
16 04 04 08 04 04 08 01 13 05 03 10 01 14 04 12 07 13 09 01 06 16 09 12 03 09 02 04 11 16 04 10 03 08 01 07 11 08 07 07 13 09 16 13 06 03 08 12 15 01 12 05 16 04 16 02 13 02 05 07 01 09 01 03 16 01 09 10 09 15 16 05 08 15 01 13 02 08 09 16 
08 04 04 08 08 04 09 04 05 14 10 05 06 10 07 05 11 16 14 03 14 13 07 05 11 07 02 12 14 10 12 06 13 15 13 04 02 05 07 06 02 01 10 07 10 01 11 04 16 08 06 13 04 12 02 15 02 03 10 16 12 05 05 08 04 01 12 05 05 02 11 07 02 04 13 12 04 08 15 03 
15 05 16 03 16 01 01 02 03 10 01 14 15 05 05 02 05 16 06 09 02 16 15 03 04 12 14 07 03 13 10 01 01 09 03 16 09 03 01 11 13 01 08 11 05 12 12 09 12 01 02 13 01 16 15 04 11 13 10 13 09 03 14 09 11 16 08 03 03 09 13 15 09 04 09 14 16 04 06 11 
04 07 07 04 07 05 07 01 01 01 14 09 03 11 01 14 10 09 16 12 01 13 10 09 16 02 06 15 05 12 09 09 02 15 12 08 04 03 09 04 03 06 13 05 16 13 02 09 05 02 05 05 14 14 14 13 16 03 12 04 14 04 12 16 03 08 07 06 10 15 09 12 04 05 16 03 02 02 12 06 
